ngsamdmixgroup1	ngsadmixgroup2	Name	Location	Type	plate	PC1	PC2	PC3	PC4
0.669696407998763	0.330303592001237	1-1	NA	NA	2	0.0203011863466934	0.0411422676727057	0.0131203189340753	-0.0307707373646859
1e-09	0.999999999	2010WINpet1	WIN	P	2	-0.0857665611828889	-0.107986485840068	0.119857980634908	0.156292876022504
0.999999999	1e-09	2012BN10	BAR	H	2	0.0920727604553969	-0.0232508509846601	-0.146683337989939	0.0929454885646261
0.358350914722452	0.641649085277548	2012BN3	BAR	H	2	-0.0150241785596682	-0.0606973781767799	-0.128481395975789	0.0399125869982699
0.999999999	1e-09	2012BN9	BAR	H	2	0.101058613227495	-0.0212370311495104	-0.0932216492802141	0.0605590556417357
0.999999999	1e-09	2012BNann8	BAR	A	2	0.092482886156448	-0.0228046136026518	-0.159952165506331	0.116461909684209
0.510750724465308	0.489249275534692	2012BNint1	BAR	H	2	0.00133689383398564	-0.0601158069730423	-0.0771383239367855	0.0105174649424771
0.245990760214308	0.754009239785692	2012BNint4	BAR	H	2	-0.028471867399063	-0.0687969808689208	-0.101406027289976	0.00594659770860683
0.485472639559044	0.514527360440956	2012BNint5	BAR	H	2	0.00704083734191982	-0.0559525479901917	-0.116474639982731	0.0393302666824698
1e-09	0.999999999	2012BNpet2	BAR	P	2	-0.084578255137884	-0.0687699565866424	-0.0413117953983767	-0.0335077873203117
1e-09	0.999999999	2012BNpet7	BAR	P	2	-0.0865031634298099	-0.0777761683752583	-0.0539797836491244	-0.0528586919010592
0.999999999	1e-09	2012BSann2	BAR	A	2	0.096046310498831	-0.0118170560810594	-0.0471678189825045	0.0318159593479022
0.999999999	1e-09	2012BSann4	BAR	A	2	0.10109185735704	-0.0134971964302169	-0.0612954346323695	0.0495682170510304
0.999999999	1e-09	2012BSann5	BAR	A	2	0.0970268766951198	-0.0116502573468736	-0.046481011974088	0.0324255665363736
0.48571941582224	0.51428058417776	2012BSint2	BAR	H	2	0.00715081637352559	-0.0336383773695895	-0.0385523984267803	-0.0104197254161351
0.55658474112024	0.44341525887976	2012BSint3	BAR	H	2	0.00823542229062041	-0.0254247670435052	-0.069917060216881	-0.012706643801376
0.529682336982813	0.470317663017187	2012BSint7	BAR	H	2	0.00059980504642395	-0.0506007949547358	-0.0738594622641027	-0.00363942018373446
1e-09	0.999999999	2012BSpet6	BAR	P	2	-0.0697888688473561	-0.0439545188655114	-0.00831196630601954	-0.0139299508708319
1e-09	0.999999999	2012BSpet8	BAR	P	2	-0.0819367995711175	-0.0668699379288617	-0.023341139555518	-0.0455544249524158
0.62244061418361	0.37755938581639	2012CATrara	CHU	H	2	0.012171467261576	-0.0242411888879128	0.0268127450470125	-0.0658216542809607
0.535405695303271	0.464594304696729	2012CHU11	CHU	H	2	0.0164253984044613	0.052642934309106	0.00628199003265352	-0.0144038591379396
0.492334300241757	0.507665699758243	2012CHU12	CHU	H	2	0.0164607437155585	0.0609364594594386	0.0153042022200315	-0.014170314026452
0.528805111071938	0.471194888928062	2012CHU13	CHU	H	2	0.0153048030657161	0.0573216351227571	0.00234145692379718	-0.0163688384967242
0.0357438370307541	0.964256162969246	2012CHU7	CHU	A	2	-0.0629233042054375	0.120344034627553	0.00457495626138186	0.0360036355113904
0.999999999	1e-09	2012CHUann10	CHU	A	2	0.0932333098463027	-0.00877764805011353	-0.00815498886764664	0.00254563523695382
0.999999999	1e-09	2012CHUann4	CHU	A	2	0.0875123427816069	-0.00929986347615524	-0.00991808651860887	0.0110507236155751
0.999999999	1e-09	2012CHUann8	CHU	A	2	0.0931602318085343	-0.0117180999224178	-0.0153177339744334	0.0282131308263313
0.480793394042189	0.519206605957811	2012CHUint1	CHU	H	2	0.0046095680951321	0.0815370698477875	0.0600680621072232	-0.050811706435209
0.999999999	1e-09	2012CHUint2	CHU	H	2	0.100736821996889	-0.000160350555647781	0.132914503957413	-0.118441072862116
0.626434969260576	0.373565030739424	2012CHUint3	CHU	H	2	0.0238562480270561	0.0483186269966704	0.0738035523670096	-0.0429145571334668
1e-09	0.999999999	2012CHUpet4	CHU	P	2	-0.0625509012959861	0.0969229979625152	-0.0157837526039164	0.0200048031663849
1.34061752741e-09	0.999999998659382	2012CHUpet5	CHU	P	2	-0.0657533138079017	0.116873740972378	-0.00990327394125265	0.0132527450098839
0.0239773800470349	0.976022619952965	2012CHUrara6	CHU	H	2	-0.0622015474485386	0.124693938326348	0.00737645173451441	0.0296218219586798
1e-09	0.999999999	2012WINpet2	WIN	P	2	-0.0933178237204155	-0.127826474330636	0.161864708764753	0.194276544939524
0.868486289169642	0.131513710830358	20-2	NA	NA	2	0.0505225443494673	0.0362622417652172	0.0618433384660381	-0.066065297832925
0.882855780546338	0.117144219453662	20-5	NA	NA	2	0.0623286462594059	0.0209660773643631	0.0521253076469581	-0.0748333425217598
0.999999999	1e-09	4-2	NA	NA	2	0.102199122778815	-0.00126622266750145	0.0426523393881711	-0.0524476299176034
0.999999999	1e-09	6-4	NA	NA	2	0.102286761778802	-0.00334330164795502	0.0304081005803686	-0.03690096009002
0.999999999	1e-09	9-6	NA	NA	2	0.0956052461898189	-0.00346183285602529	0.0215294854228211	-0.0347298804179621
0.999999999	1e-09	BARA10	BAR	A	1	0.0983770173021027	-0.0210078465803039	-0.118393094261798	0.069068381806051
0.999999999	1e-09	BARA1	BAR	A	1	0.0959388410987353	-0.0292804317980947	-0.178304343206933	0.120637662451932
0.999999999	1e-09	BARA2	BAR	A	1	0.0989002362730739	-0.0265550772630904	-0.154806574091866	0.107067839411163
0.999999999	1e-09	BARA3	BAR	A	1	0.0988947929189036	-0.0347810140553825	-0.144585055847758	0.11263823874257
0.999999999	1e-09	BARA4	BAR	A	1	0.0988627563201399	-0.0284513409204988	-0.145062211862684	0.0797152259697613
0.999999999	1e-09	BARA5	BAR	A	1	0.100874865646649	-0.0203937848615759	-0.128928144047045	0.0773728703185816
0.999999999	1e-09	BARA6	BAR	A	1	0.105233485458852	-0.0248647461370265	-0.153249256615232	0.0831697519553946
0.999999999	1e-09	BARA7	BAR	A	1	0.101765016930338	-0.0232392137236236	-0.116569268808426	0.0635161693104979
0.999999999	1e-09	BARA8	BAR	A	1	0.098621752602051	-0.0264717424434406	-0.154545400280612	0.0984279325459296
0.999999999	1e-09	BARA9	BAR	A	1	0.0953035465627704	-0.0284762300604294	-0.162718391706991	0.107328927529825
0.454008279870905	0.545991720129095	BARH1	BAR	H	1	0.00163755311416244	-0.0391860844324016	-0.124215720754713	0.0113489326012723
0.567407143623202	0.432592856376799	BARH2	BAR	H	1	0.00772831410388903	-0.0416180352944743	-0.0475968928091019	-0.0221765067265673
0.543285074262951	0.456714925737049	BARH3	BAR	H	1	0.00593352251088035	-0.0389914883427001	-0.123916625866473	0.00782271655352556
0.357182298756224	0.642817701243775	BARH4	BAR	H	1	-0.0214567817039066	-0.0606674962568445	-0.0939009234252976	0.00010773061209935
0.565247842863313	0.434752157136687	BARH5	BAR	H	1	0.00771732709075696	-0.0558562398770927	-0.151092498395276	0.0122032369369999
0.626087792822595	0.373912207177405	BARH6	BAR	H	1	0.00986693995404187	-0.0499965681533405	-0.13769247627311	0.0629375611091993
0.600666222613828	0.399333777386172	BARH7	BAR	H	1	0.0096140721558411	-0.0400073644278775	-0.0918416703079489	0.0353407993081082
0.58341498126693	0.41658501873307	BARH8	BAR	H	1	0.0051615041342041	-0.0433275157778192	-0.0253295952605801	-0.0321147694799459
0.570957678976347	0.429042321023653	BARH9	BAR	H	1	0.0106929817260631	-0.0428474115044914	-0.103742213644123	0.0196091793779638
1e-09	0.999999999	BARP10	BAR	P	1	-0.0778761655074386	-0.0677471265307952	-0.0390248958698815	-0.0501065278321483
0.0281201687328989	0.971879831267101	BARP1	BAR	P	1	-0.0918556130662636	-0.0861845637524634	-0.0683982203831087	-0.0866870180915582
1e-09	0.999999999	BARP2	BAR	P	1	-0.0822213210851675	-0.0743213634883998	-0.0344818835496375	-0.0352641117172921
0.575864234442086	0.424135765557913	BARP3	BAR	P	1	0.00521900234151779	-0.0465580448511117	-0.0983666824660583	0.0117388066928483
0.0196164302764131	0.980383569723587	BARP4	BAR	P	1	-0.0777221266784006	-0.0608177120684422	-0.0657549245495833	-0.0599272583123772
0.00940925532994892	0.990590744670051	BARP5	BAR	P	1	-0.0815973809210026	-0.0727360853565939	-0.0410969742405031	-0.0693814839821455
1e-09	0.999999999	BARP6	BAR	P	1	-0.0837646851710256	-0.0701246748332627	-0.054477307448918	-0.0608478305027844
1e-09	0.999999999	BARP7	BAR	P	1	-0.0891317871170636	-0.0865003929912519	-0.067319496775922	-0.0716457596272601
1e-09	0.999999999	BARP8	BAR	P	1	-0.0860740271976354	-0.0655533730921896	-0.0624898924251875	-0.0984513609859453
1e-09	0.999999999	BARP9	BAR	P	1	-0.0838758354425683	-0.073790776925994	-0.0475528783377447	-0.0563721203599799
0.500460390593869	0.499539609406131	CATA10	CAT	A	1	0.00993967447831625	-0.0480805956359211	0.0328995952362842	-0.0914433036179008
0.455359348203391	0.544640651796609	CATA11	CAT	A	1	0.00640245393981379	-0.0308775015730999	0.0224831619030122	-0.0695968674960035
0.548503188553963	0.451496811446037	CATA1	CAT	A	1	0.00742890765210048	-0.0468484518101951	0.0521783802465605	-0.0843377046373845
0.527682621715134	0.472317378284866	CATA2	CAT	A	1	0.00505906920867502	-0.0365598106848802	0.0244927055359945	-0.079146484543451
0.323661126601538	0.676338873398462	CATA3	CAT	A	1	-0.0310669684950113	-0.0525662666598864	0.0019594620024154	-0.0919149215146474
0.444931245116838	0.555068754883162	CATA4	CAT	A	1	-0.0141536895928972	-0.0438367986419445	-0.0159673074682521	-0.108047728344521
0.467464862988059	0.532535137011941	CATA5	CAT	A	1	0.00959396260103151	-0.0301451201129084	0.010175778952281	-0.0971350247646921
0.367971841932705	0.632028158067295	CATA6	CAT	A	1	-0.00479977577603218	-0.0507142872363385	0.0189128178254759	-0.0665565944998664
0.424765199496876	0.575234800503124	CATA7	CAT	A	1	-0.00109678454192085	-0.0454530086091254	-0.00598580447095288	-0.0811464809736372
0.427451238777064	0.572548761222936	CATA8	CAT	A	1	0.00527828559350138	-0.0392724399780519	0.00524876402478939	-0.103270928396658
0.479307153824706	0.520692846175294	CATA9	CAT	A	1	0.0106303318473515	-0.0350594800591033	0.00554480538952429	-0.041936443231377
0.536659755702985	0.463340244297015	CATH1	CAT	H	1	0.00661517190133605	-0.0206118402076029	0.0349956610020973	-0.0189009735775858
0.513892077135461	0.486107922864539	CATH2	CAT	H	1	0.00105241566347602	-0.0368877119460073	0.00795597373706479	-0.0524939628688269
0.486291882585317	0.513708117414683	CATH3	CAT	H	1	0.00675402793469103	-0.0371749284806744	0.0147757393854175	-0.0869875161612355
1e-09	0.999999999	CATP10	CAT	P	1	-0.0828896223287783	-0.050570121324372	-0.00757555906781506	-0.0616177146038018
1e-09	0.999999999	CATP11	CAT	P	1	-0.0765052647815574	-0.0301085753326114	-0.034809385034953	-0.0860922186136573
1e-09	0.999999999	CATP12	CAT	P	1	-0.0834280464150971	-0.0481246190397142	-0.0254765307611352	-0.08969389859442
1e-09	0.999999999	CATP13	CAT	P	1	-0.080849732337339	-0.0534694380243711	-0.00795632481478824	-0.0839512034918127
1e-09	0.999999999	CATP14	CAT	P	1	-0.0840163054841329	-0.0597005123017894	-0.011282379727501	-0.0556552846500577
1e-09	0.999999999	CATP15	CAT	P	1	-0.0775607253440892	-0.0469904586185407	-0.0319067742411264	-0.122016626068184
1e-09	0.999999999	CATP1	CAT	P	1	-0.0861829222746293	-0.0720449178822862	-0.0335774116546008	-0.0637988628101485
1e-09	0.999999999	CATP2	CAT	P	1	-0.0877391787975653	-0.0598306751318862	-0.00898130701641506	-0.0788805941681598
1e-09	0.999999999	CATP3	CAT	P	1	-0.0882124484161633	-0.0584719878983091	-0.0423135773310965	-0.117508796566054
1e-09	0.999999999	CATP4	CAT	P	1	-0.0798721993113031	-0.0610956866958189	-0.0185832916911036	-0.0483760674840363
1e-09	0.999999999	CATP5	CAT	P	1	-0.0817449955359368	-0.0515234909692587	-0.00536290780214429	-0.0636860952280041
1e-09	0.999999999	CATP6	CAT	P	1	-0.0803128485202474	-0.0430651032269533	-0.0354309642958769	-0.075716734915448
1e-09	0.999999999	CATP7	CAT	P	1	-0.0834412526555585	-0.0426303115997275	-0.013947660622251	-0.0683284167899623
1e-09	0.999999999	CATP8	CAT	P	1	-0.0829902543064324	-0.056548635158242	-0.0263612328647202	-0.0802599459916289
1e-09	0.999999999	CATP9	CAT	P	1	-0.0845430974440923	-0.0225256052015146	-0.0347006880598778	-0.0932639902889466
0.999999999	1e-09	CHUA10	CHU	A	1	0.1008150805494	-0.00189440258321371	0.0907031498712536	-0.0911277049315451
0.999999999	1e-09	CHUA11	CHU	A	1	0.0957505257418389	0.008712232772383	0.09352056416758	-0.0784271127392863
0.999999999	1e-09	CHUA12	CHU	A	1	0.10205276866489	-0.00375782670281081	0.105087835386	-0.0739753950194848
0.999999999	1e-09	CHUA13	CHU	A	1	0.107743971736057	0.00420387304642384	0.123542749249995	-0.109619336365263
0.999999999	1e-09	CHUA1	CHU	A	1	0.103101503137694	-0.00102688440253364	0.0974535499513878	-0.0969371517230099
0.999999999	1e-09	CHUA2	CHU	A	1	0.0977231802684354	-0.00527097509466954	0.1030305653794	-0.0857056012957609
0.999999999	1e-09	CHUA3	CHU	A	1	0.097177046948897	-0.00498346650115662	0.105985315154842	-0.09457464807513
0.999999999	1e-09	CHUA4	CHU	A	1	0.104548886826011	0.0023095061662839	0.113545203654986	-0.0924470666142531
0.999999999	1e-09	CHUA5	CHU	A	1	0.100964713519875	0.0013231292886565	0.100159454608322	-0.0918293794354007
0.999999999	1e-09	CHUA6	CHU	A	1	0.106230537434167	-0.00263138667581652	0.0967349969605144	-0.0788472733295253
0.623834487438895	0.376165512561105	CHUA7	CHU	A	1	0.0234460883897901	0.0599556066619677	0.0441161036187989	-0.0614860173608259
0.999999999	1e-09	CHUA8	CHU	A	1	0.10303157505979	-0.000376020412127669	0.127089964680413	-0.101930413027965
0.999999999	1e-09	CHUA9	CHU	A	1	0.0974760874191987	6.8184380396105e-05	0.0887231288610419	-0.0773673351816761
0.659002113047811	0.340997886952189	CHUH1	CHU	H	1	0.0225810478739627	0.0542753852818694	0.0705292409006213	-0.0354624487576837
0.588841602183777	0.411158397816222	CHUH2	CHU	H	1	0.0180938319004631	0.0709203741541509	0.0547611018131145	-0.00875919986804271
0.621960032338981	0.378039967661019	CHUH3	CHU	H	1	0.0184277496725453	0.0653563115303175	0.0374145005263097	-0.0457108559544736
0.636759644027982	0.363240355972018	CHUH4	CHU	H	1	0.0170317668510817	0.0772928915272003	0.0408505787540767	0.00105478922640485
0.999999999	1e-09	CHUH5	CHU	H	1	0.0980182349744116	-0.000552308911812814	0.0878871255888681	-0.0731819774012465
0.0252931432264531	0.974706856773547	CHUP10	CHU	P	1	-0.0614041073265421	0.126210345852672	-0.0191301047433032	0.0293685395289952
1e-09	0.999999999	CHUP11	CHU	P	1	-0.0653560940736225	0.11362926413277	-0.0117003903770483	0.030147121554938
0.0460559662401631	0.953944033759837	CHUP12	CHU	P	1	-0.0708206501738412	0.118591370160377	-0.0250981032252463	0.0332131892536361
0.0862136813292456	0.913786318670754	CHUP13	CHU	P	1	-0.0626470975965885	0.131458669801706	-0.0160901191907197	0.0528820267408774
0.118270998111676	0.881729001888324	CHUP14	CHU	P	1	-0.0612670182296531	0.131180940183951	-0.005733058872891	0.0655168851640315
1e-09	0.999999999	CHUP15	CHU	P	1	-0.060805354453076	0.108216599447976	-0.0269226149528818	0.0343584137802776
0.0858693060060275	0.914130693993972	CHUP1	CHU	P	1	-0.0599733724235685	0.112887716692829	-0.0342731226415664	0.015882931486296
0.00935951707610113	0.990640482923899	CHUP2	CHU	P	1	-0.0641216552863978	0.103200442142201	-0.0213992618920277	-0.00610868775954705
0.00714263646602928	0.992857363533971	CHUP3	CHU	P	1	-0.0646576714296999	0.10545501904241	-0.0428272143751974	0.00769528430032484
1e-09	0.999999999	CHUP4	CHU	P	1	-0.0776493721788932	0.13181671966747	-0.0215439497376246	0.0434819038293168
1e-09	0.999999999	CHUP5	CHU	P	1	-0.0684184635573015	0.127502845098113	-0.0237574200008235	0.0198995958975857
1e-09	0.999999999	CHUP6	CHU	P	1	-0.0708109272955192	0.106528742713449	-0.0414274681957911	0.0024738287068198
1e-09	0.999999999	CHUP7	CHU	P	1	-0.0656080822914274	0.0948507559629839	-0.00500961892943329	0.0282450442284616
1e-09	0.999999999	CHUP8	CHU	P	1	-0.0645213918123289	0.132772846654792	-0.0219564720236814	0.0406235086764907
0.00527392947170407	0.994726070528296	CHUP9	CHU	P	1	-0.0664696326187449	0.112385801312401	-0.00533199220101802	0.0633878568588102
0.604341875320819	0.395658124679181	CZH1	CZ	H	2	0.0167422298263082	0.0955150691998759	0.0297050554013502	-0.0295236749582796
0.600557506024172	0.399442493975828	CZH2	CZ	H	2	0.0182613196765415	0.101999038703103	0.0522023801603008	-0.0045647888284855
0.614940263064153	0.385059736935847	CZH3	CZ	H	2	0.0147131597231339	0.0929970020291141	0.0426178932616748	-0.00914723031610488
0.59461858447232	0.40538141552768	CZH4	CZ	H	2	0.0170969620126261	0.093620437262767	0.045672455770773	-0.0102167684027742
0.387689124787279	0.612310875212721	CZH5	CZ	H	2	-0.0142064894465039	0.134360879260349	0.0239830175580007	-0.000987909727588408
0.597682878436974	0.402317121563026	CZH6	CZ	H	2	0.0216477264825741	0.0897629136382904	0.0501161128884351	-0.0181985006931286
0.675234499945154	0.324765500054846	CZH7	CZ	H	2	0.0255427676750569	0.0845587050785306	0.0358163686300702	-0.0305956995657003
0.652834114697927	0.347165885302073	CZH8	CZ	H	2	0.0203082714927088	0.078593386087929	0.044358037315466	-0.0051102741423998
0.670036303626212	0.329963696373789	CZH9	CZ	H	2	0.02387719303719	0.0877368616025157	0.0443596581018307	-0.0234324036725619
1e-09	0.999999999	CZP1	CZ	P	2	-0.0646930959321537	0.151334303646395	-0.00961804785166242	0.0442716264319574
1e-09	0.999999999	CZP2	CZ	P	2	-0.0663655647644663	0.148354034041527	-0.000972017632960586	0.0507741898098863
1e-09	0.999999999	CZP3	CZ	P	2	-0.0684233569283395	0.172031863610819	-0.00619089253519745	0.05486848397016
1e-09	0.999999999	CZP4	CZ	P	2	-0.0660801583303414	0.158441095707809	0.00468726226056176	0.0472270810700419
1e-09	0.999999999	CZP5	CZ	P	2	-0.0661491681032298	0.143119865991444	0.00296468759715089	0.0555203188558158
1e-09	0.999999999	CZP6	CZ	P	2	-0.0725622919766835	0.178973157609231	-0.00269365989402026	0.0586435171736817
1e-09	0.999999999	CZP7	CZ	P	2	-0.0644630137040256	0.164676951360747	-0.0160656974250508	0.0301123516610049
1e-09	0.999999999	CZP8	CZ	P	2	-0.0650096098547375	0.160146822653606	-0.0102671144026976	0.0377108044827464
1e-09	0.999999999	CZP9	CZ	P	2	-0.0689345829871092	0.154776777590948	0.00255697104895835	0.059209608795569
1e-09	0.999999999	D20-0	D20	P	2	-0.0852837159769951	-0.0739746061577338	-0.0423977863843496	-0.0628390146665506
1e-09	0.999999999	D20-2	D20	P	2	-0.082046988980076	-0.0619670579885774	-0.0352490591670037	-0.0651942376209205
1e-09	0.999999999	D23-3	D23	P	2	-0.0671494833894831	-0.0083247799742551	-0.0329666488123298	-0.050896818222218
1e-09	0.999999999	D23-5	D23	P	2	-0.0742711551682232	-0.0442153151452266	-0.0174803861496789	-0.0836837355912649
1e-09	0.999999999	D26-2	D26	P	2	-0.0763042458296508	-0.0550646953475448	-0.0137678907965737	-0.04683578530206
1e-09	0.999999999	D26-4	D26	P	2	-0.0789343251624679	-0.055781554382737	0.00742861745060592	-0.0429520269460044
0.0366765611428364	0.963323438857164	D28-5	D28	P	2	-0.0602931705092069	0.108333279198821	-0.00184126857574211	0.0220862387751933
0.0257166732898775	0.974283326710123	D28-9	D28	P	2	-0.0589779347034823	0.100783059866385	-0.00859271363479155	0.00558625523180425
0.999999999	1e-09	DIA13	DIA	A	2	0.0935691637497295	-0.0135276142112033	0.0202311718295379	-0.00450939477119956
0.999999999	1e-09	DIA34	DIA	A	2	0.0934391013602381	-0.0106087716798218	0.0304231289722368	-0.0122484683668447
0.999999999	1e-09	DIA37	DIA	A	2	0.0934414860089056	-0.0114322590864845	0.0181166463422072	-0.0132332262825722
0.999999999	1e-09	DIA44	DIA	A	2	0.0882959215526709	-0.00785383704832511	0.0248357789905809	-0.0199609565141546
0.999999999	1e-09	DIA6	DIA	A	2	0.0933658768347721	-0.00690423280099265	0.0258818145530799	-0.0153384762682888
0.999999999	1e-09	RCU18	RCU	A	2	0.0874878363314157	-0.0114360509673363	0.0129094037269094	-0.000815797671706804
0.999999999	1e-09	RCU33	RCU	A	2	0.0882107746503558	-0.0145558364618499	0.00856448660508198	0.0139204999572717
0.999999999	1e-09	RCU37	RCU	A	2	0.0850283604664688	-0.00850759463572613	0.0198584750025488	9.73643698103724e-05
0.994784993947157	0.00521500605284248	RCU43	RCU	A	2	0.0869695127720091	-0.00425411088797418	0.0164456450513419	0.00376002919505433
0.994101616751154	0.00589838324884611	RCU9	RCU	A	2	0.0887861750199275	-0.0166304039380949	0.0115001644545325	0.0196174731948894
0.999999999	1e-09	WINI6	WIN	A	2	0.101760699285432	-0.0168545511495902	0.0482754016851642	0.114859142070464
0.999999999	1e-09	WINIA1	WIN	A	1	0.097662649737839	-0.0206699149925192	0.0383240596341733	0.112165466502837
0.999999999	1e-09	WINIA2	WIN	A	1	0.0966404379509275	-0.0158814339565218	0.0472314720307628	0.0860393036862408
0.999999999	1e-09	WINIA3	WIN	A	1	0.0983246118718154	-0.0112967043352753	0.0644752888042987	0.0650803506171099
0.999999999	1e-09	WINIA4	WIN	A	1	0.100495261639098	-0.0137395184293079	0.0479377173504176	0.0981047217981727
0.999999999	1e-09	WINIA5	WIN	A	1	0.100300600155304	-0.014807906173971	0.0473055026177375	0.107857427960134
0.999999999	1e-09	WINIA7	WIN	A	2	0.0995162098771833	-0.0196229413067967	0.04127622530404	0.098151297263889
0.999999999	1e-09	WINIA8	WIN	A	2	0.098838766206711	-0.01600628363409	0.0421900808202592	0.115249508049973
0.999999999	1e-09	WINIA9	WIN	A	2	0.0995545114430318	-0.0115907937068866	0.0625447015618564	0.0789045843744625
0.417887735975035	0.582112264024965	WINIH1	WIN	H	2	-0.0096439521535482	-0.0677286974183538	0.139318533870482	0.0955770514279436
1e-09	0.999999999	WINIP10	WIN	P	2	-0.0844230523950396	-0.100346440832051	0.142072380192758	0.155274840429788
1e-09	0.999999999	WINIP1	WIN	P	2	-0.095886428146859	-0.124542754432469	0.170397289002886	0.191386127737147
1e-09	0.999999999	WINIP2	WIN	P	2	-0.0873349303436648	-0.0962990243646021	0.0867084067872308	0.103465898716385
1e-09	0.999999999	WINIP3	WIN	P	2	-0.0906411966801447	-0.110524079116087	0.114459146760443	0.131031805034068
1e-09	0.999999999	WINIP4	WIN	P	2	-0.0908703742562419	-0.107032760840571	0.12256299916204	0.142312523550975
1e-09	0.999999999	WINIP5	WIN	P	2	-0.0967145736735783	-0.106750158654126	0.109176625977247	0.140342132547411
1e-09	0.999999999	WINIP6	WIN	P	2	-0.0947039135744042	-0.116077745478997	0.136088658909098	0.153673670832871
1e-09	0.999999999	WINIP7	WIN	P	2	-0.0973113444008966	-0.128807765038993	0.183181249428081	0.217749205734656
1e-09	0.999999999	WINIP8	WIN	P	2	-0.0949485916422377	-0.112577092811854	0.155328181955191	0.160196149632371
1e-09	0.999999999	WINIP9	WIN	P	2	-0.0970915142400713	-0.116416708767119	0.142903332646845	0.159960457991015
